
.. DO NOT EDIT.
.. THIS FILE WAS AUTOMATICALLY GENERATED BY SPHINX-GALLERY.
.. TO MAKE CHANGES, EDIT THE SOURCE PYTHON FILE:
.. "auto_examples/bayesianLinearRegression/plotOnlineBayesianLinearRegression.py"
.. LINE NUMBERS ARE GIVEN BELOW.

.. only:: html

    .. note::
        :class: sphx-glr-download-link-note

        :ref:`Go to the end <sphx_glr_download_auto_examples_bayesianLinearRegression_plotOnlineBayesianLinearRegression.py>`
        to download the full example code or to run this example in your browser via Binder

.. rst-class:: sphx-glr-example-title

.. _sphx_glr_auto_examples_bayesianLinearRegression_plotOnlineBayesianLinearRegression.py:


Online Bayesian linear regression
=================================

The code below uses an online algorithm to estimate the posterior of the weighs
of a linear regression model using simulate data.

.. GENERATED FROM PYTHON SOURCE LINES 12-14

Import requirments
------------------

.. GENERATED FROM PYTHON SOURCE LINES 14-22

.. code-block:: default


    import numpy as np
    import scipy.stats
    import plotly.subplots
    import plotly.graph_objects as go

    import joacorapela_common.stats.bayesianLinearRegression








.. GENERATED FROM PYTHON SOURCE LINES 23-25

Define data generation variables
--------------------------------

.. GENERATED FROM PYTHON SOURCE LINES 25-32

.. code-block:: default


    n_samples = 20
    a0 = -0.3
    a1 = 0.5
    likelihood_precision_coef = (1/0.2)**2
    n_samples_to_plot = (1, 2, 20)








.. GENERATED FROM PYTHON SOURCE LINES 33-35

Generate data
-------------

.. GENERATED FROM PYTHON SOURCE LINES 35-41

.. code-block:: default


    x = np.random.uniform(low=-1, high=1, size=n_samples)
    y = a0 + a1 * x
    t = y + np.random.standard_normal(size=y.shape) * \
            np.sqrt(1.0/likelihood_precision_coef)








.. GENERATED FROM PYTHON SOURCE LINES 42-44

Define plotting variables
-------------------------

.. GENERATED FROM PYTHON SOURCE LINES 44-54

.. code-block:: default

    n_post_samples = 6
    marker_true = "cross"
    size_true = 10
    color_true = "white"
    marker_data = "circle-open"
    size_data = 10
    color_data = "blue"
    line_width_data = 5









.. GENERATED FROM PYTHON SOURCE LINES 55-57

Define estimation variables
---------------------------

.. GENERATED FROM PYTHON SOURCE LINES 57-60

.. code-block:: default


    prior_precision_coef = 2.0








.. GENERATED FROM PYTHON SOURCE LINES 61-63

Estimate and plot posterior
---------------------------

.. GENERATED FROM PYTHON SOURCE LINES 63-175

.. code-block:: default


    x_grid = np.linspace(-1, 1, 100)
    y_grid = np.linspace(-1, 1, 100)
    X_grid, Y_grid = np.meshgrid(x_grid, y_grid)
    pos = np.dstack((X_grid, Y_grid))

    Phi = np.column_stack((np.ones(len(x)), x))

    # set prior
    m0 = np.array([0.0, 0.0])
    S0 = 1.0 / prior_precision_coef * np.eye(2)

    fig = plotly.subplots.make_subplots(rows=len(n_samples_to_plot)+1, cols=3)
    x_dense = np.arange(-1.0, 1.0, 0.1)

    # trace true coefficient
    trace_true_coef = go.Scatter(x=[a0], y=[a1], mode="markers",
                                 marker_symbol=marker_true,
                                 marker_size=size_true,
                                 marker_color=color_true,
                                 name="true mean",
                                 showlegend=False)

    rv = scipy.stats.multivariate_normal(m0, S0)

    # plot prior
    Z = rv.pdf(pos)
    trace_post = go.Contour(x=x_grid, y=y_grid, z=Z, showscale=False)
    fig.add_trace(trace_post, row=1, col=2)

    fig.add_trace(trace_true_coef, row=1, col=2)

    fig.update_xaxes(title_text="Intercept", range=(-1, 1), row=1, col=2)
    fig.update_yaxes(title_text="Slope", range=(-1, 1), row=1, col=2)

    # sample from prior
    samples = rv.rvs(size=n_post_samples)

    # plot regression lines corresponding to samples
    for a_sample in samples:
        sample_intercept, sample_slope = a_sample
        sample_y = sample_intercept + sample_slope * x_dense
        trace = go.Scatter(x=x_dense, y=sample_y, mode="lines",
                           line_color="red", showlegend=False)
        fig.add_trace(trace, row=1, col=3)
    fig.update_xaxes(title_text="x", range=(-1, 1), row=1, col=3)
    fig.update_yaxes(title_text="y", range=(-1, 1), row=1, col=3)

    mn = m0
    Sn = S0
    for n, tn in enumerate(t):
        print(f"Processing {n}/({len(y)})")
        # update posterior
        mn, Sn = joacorapela_common.stats.bayesianLinearRegression.onlineUpdate(
            mn=mn, Sn=Sn, phi=Phi[n, :], y=tn, alpha=prior_precision_coef,
            beta=likelihood_precision_coef)

        if n+1 in n_samples_to_plot:
            index_sample = n_samples_to_plot.index(n+1)
            # compute likelihood
            Z = np.empty(shape=(len(x_grid), len(y_grid)), dtype=np.double)
            for i, w0 in enumerate(x_grid):
                for j, w1 in enumerate(y_grid):
                    rv = scipy.stats.norm(w0 + w1 * x[n],
                                          np.sqrt(1.0/likelihood_precision_coef))
                    Z[j, i] = rv.pdf(tn)

            # plot likelihood
            trace_like = go.Contour(x=x_grid, y=y_grid, z=Z, showscale=False)
            fig.add_trace(trace_like, row=index_sample+2, col=1)

            fig.add_trace(trace_true_coef, row=index_sample+2, col=1)

            fig.update_xaxes(title_text="Intercept", range=(-1, 1), row=index_sample+2, col=1)
            fig.update_yaxes(title_text="Slope", range=(-1, 1), row=index_sample+2, col=1)

            rv = scipy.stats.multivariate_normal(mn, Sn)

            # plot updated posterior
            Z = rv.pdf(pos)
            trace_post = go.Contour(x=x_grid, y=y_grid, z=Z, showscale=False)
            fig.add_trace(trace_post, row=index_sample+2, col=2)

            fig.add_trace(trace_true_coef, row=index_sample+2, col=2)

            fig.update_xaxes(title_text="Intercept", range=(-1, 1), row=index_sample+2, col=2)
            fig.update_yaxes(title_text="Slope", range=(-1, 1), row=index_sample+2, col=2)

            # sample from posterior
            samples = rv.rvs(size=n_post_samples)

            # plot regression lines corresponding to samples
            for a_sample in samples:
                sample_intercept, sample_slope = a_sample
                sample_y = sample_intercept + sample_slope * x_dense
                trace = go.Scatter(x=x_dense, y=sample_y, mode="lines",
                                   line_color="red", showlegend=False)
                fig.add_trace(trace, row=index_sample+2, col=3)
            trace_data = go.Scatter(x=x[:(n+1)], y=t[:(n+1)],
                                    mode="markers",
                                    marker_symbol=marker_data,
                                    marker_size=size_data,
                                    marker_color=color_data,
                                    marker_line_width=line_width_data,
                                    showlegend=False,
                                   )
            fig.add_trace(trace_data, row=index_sample+2, col=3)
            fig.update_xaxes(title_text="x", range=(-1, 1), row=index_sample+2, col=3)
            fig.update_yaxes(title_text="y", range=(-1, 1), row=index_sample+2, col=3)

    # fig.show()
    fig




.. rst-class:: sphx-glr-script-out

 .. code-block:: none

    Processing 0/(20)
    Processing 1/(20)
    Processing 2/(20)
    Processing 3/(20)
    Processing 4/(20)
    Processing 5/(20)
    Processing 6/(20)
    Processing 7/(20)
    Processing 8/(20)
    Processing 9/(20)
    Processing 10/(20)
    Processing 11/(20)
    Processing 12/(20)
    Processing 13/(20)
    Processing 14/(20)
    Processing 15/(20)
    Processing 16/(20)
    Processing 17/(20)
    Processing 18/(20)
    Processing 19/(20)


.. raw:: html

    <div class="output_subarea output_html rendered_html output_result">
    <div>                        <script type="text/javascript">window.PlotlyConfig = {MathJaxConfig: 'local'};</script>
            <script charset="utf-8" src="https://cdn.plot.ly/plotly-2.26.0.min.js"></script>                <div id="52f510f9-de57-4969-b84e-5518f073d38a" class="plotly-graph-div" style="height:100%; width:100%;"></div>            <script type="text/javascript">                                    window.PLOTLYENV=window.PLOTLYENV || {};                                    if (document.getElementById("52f510f9-de57-4969-b84e-5518f073d38a")) {                    Plotly.newPlot(                        "52f510f9-de57-4969-b84e-5518f073d38a",                        [{"showscale":false,"x":[-1.0,-0.9797979797979798,-0.9595959595959596,-0.9393939393939394,-0.9191919191919192,-0.898989898989899,-0.8787878787878788,-0.8585858585858586,-0.8383838383838383,-0.8181818181818181,-0.797979797979798,-0.7777777777777778,-0.7575757575757576,-0.7373737373737373,-0.7171717171717171,-0.696969696969697,-0.6767676767676767,-0.6565656565656566,-0.6363636363636364,-0.6161616161616161,-0.5959595959595959,-0.5757575757575757,-0.5555555555555556,-0.5353535353535352,-0.5151515151515151,-0.4949494949494949,-0.4747474747474747,-0.4545454545454545,-0.43434343434343425,-0.41414141414141414,-0.3939393939393939,-0.3737373737373737,-0.3535353535353535,-0.33333333333333326,-0.31313131313131304,-0.2929292929292928,-0.2727272727272727,-0.2525252525252525,-0.23232323232323226,-0.21212121212121204,-0.19191919191919182,-0.1717171717171716,-0.1515151515151515,-0.13131313131313127,-0.11111111111111105,-0.09090909090909083,-0.07070707070707061,-0.050505050505050386,-0.030303030303030276,-0.010101010101010055,0.010101010101010166,0.030303030303030498,0.05050505050505061,0.07070707070707072,0.09090909090909105,0.11111111111111116,0.1313131313131315,0.1515151515151516,0.1717171717171717,0.19191919191919204,0.21212121212121215,0.2323232323232325,0.2525252525252526,0.27272727272727293,0.29292929292929304,0.31313131313131315,0.3333333333333335,0.3535353535353536,0.3737373737373739,0.39393939393939403,0.41414141414141437,0.4343434343434345,0.4545454545454546,0.4747474747474749,0.49494949494949503,0.5151515151515154,0.5353535353535355,0.5555555555555556,0.5757575757575759,0.595959595959596,0.6161616161616164,0.6363636363636365,0.6565656565656568,0.6767676767676769,0.696969696969697,0.7171717171717173,0.7373737373737375,0.7575757575757578,0.7777777777777779,0.7979797979797982,0.8181818181818183,0.8383838383838385,0.8585858585858588,0.8787878787878789,0.8989898989898992,0.9191919191919193,0.9393939393939394,0.9595959595959598,0.9797979797979799,1.0],"y":[-1.0,-0.9797979797979798,-0.9595959595959596,-0.9393939393939394,-0.9191919191919192,-0.898989898989899,-0.8787878787878788,-0.8585858585858586,-0.8383838383838383,-0.8181818181818181,-0.797979797979798,-0.7777777777777778,-0.7575757575757576,-0.7373737373737373,-0.7171717171717171,-0.696969696969697,-0.6767676767676767,-0.6565656565656566,-0.6363636363636364,-0.6161616161616161,-0.5959595959595959,-0.5757575757575757,-0.5555555555555556,-0.5353535353535352,-0.5151515151515151,-0.4949494949494949,-0.4747474747474747,-0.4545454545454545,-0.43434343434343425,-0.41414141414141414,-0.3939393939393939,-0.3737373737373737,-0.3535353535353535,-0.33333333333333326,-0.31313131313131304,-0.2929292929292928,-0.2727272727272727,-0.2525252525252525,-0.23232323232323226,-0.21212121212121204,-0.19191919191919182,-0.1717171717171716,-0.1515151515151515,-0.13131313131313127,-0.11111111111111105,-0.09090909090909083,-0.07070707070707061,-0.050505050505050386,-0.030303030303030276,-0.010101010101010055,0.010101010101010166,0.030303030303030498,0.05050505050505061,0.07070707070707072,0.09090909090909105,0.11111111111111116,0.1313131313131315,0.1515151515151516,0.1717171717171717,0.19191919191919204,0.21212121212121215,0.2323232323232325,0.2525252525252526,0.27272727272727293,0.29292929292929304,0.31313131313131315,0.3333333333333335,0.3535353535353536,0.3737373737373739,0.39393939393939403,0.41414141414141437,0.4343434343434345,0.4545454545454546,0.4747474747474749,0.49494949494949503,0.5151515151515154,0.5353535353535355,0.5555555555555556,0.5757575757575759,0.595959595959596,0.6161616161616164,0.6363636363636365,0.6565656565656568,0.6767676767676769,0.696969696969697,0.7171717171717173,0.7373737373737375,0.7575757575757578,0.7777777777777779,0.7979797979797982,0.8181818181818183,0.8383838383838385,0.8585858585858588,0.8787878787878789,0.8989898989898992,0.9191919191919193,0.9393939393939394,0.9595959595959598,0.9797979797979799,1.0],"z":[[0.04307855860369725,0.04483644494380734,0.04662798920106186,0.048451554370017795,0.05030535883091943,0.05218747662187322,0.05409583832150899,0.05602823256107478,0.05798230818196813,0.05995557705154764,0.06194541754670692,0.06394907871114973,0.06596368508859789,0.06798624223031664,0.07001364287137696,0.07204267376601886,0.07407002316836044,0.07609228894054178,0.07810598726623431,0.08010756194331008,0.08209339422538917,0.08405981317799459,0.08600310651117617,0.08791953184675075,0.089805328374775,0.09165672885055312,0.09346997188040912,0.09524131444165775,0.0969670445797085,0.09864349422306531,0.10026705205515724,0.10183417638047705,0.10334140792143216,0.1047853824816364,0.10616284341111094,0.10747065380901914,0.10870580840014445,0.10986544502232962,0.11094685566353157,0.11194749698900362,0.11286500030138119,0.11369718087911766,0.11444204664176531,0.11509780609401274,0.11566287550414868,0.11613588527669924,0.11651568548335113,0.11680135052090015,0.11699218286981872,0.11708771593207995,0.11708771593207995,0.11699218286981872,0.11680135052090015,0.11651568548335113,0.11613588527669924,0.11566287550414868,0.1150978060940127,0.11444204664176531,0.11369718087911766,0.11286500030138119,0.11194749698900362,0.11094685566353157,0.10986544502232962,0.10870580840014445,0.10747065380901914,0.10616284341111094,0.1047853824816364,0.10334140792143216,0.10183417638047701,0.10026705205515724,0.09864349422306531,0.0969670445797085,0.0952413144416577,0.09346997188040912,0.09165672885055308,0.089805328374775,0.08791953184675075,0.08600310651117617,0.08405981317799455,0.08209339422538912,0.08010756194331001,0.07810598726623431,0.07609228894054175,0.07407002316836041,0.07204267376601886,0.07001364287137693,0.06798624223031664,0.06596368508859786,0.06394907871114973,0.06194541754670692,0.05995557705154761,0.057982308181968104,0.05602823256107478,0.05409583832150899,0.052187476621873195,0.05030535883091941,0.048451554370017795,0.04662798920106182,0.04483644494380734,0.04307855860369725],[0.04483644494380734,0.04666606451931123,0.04853071547464501,0.050428694003859784,0.052358145785486206,0.05431706626581576,0.0563033015775805,0.058314550113751015,0.06034836477310922,0.062402155890963304,0.06447319486487434,0.06655861848157525,0.0686554339474053,0.07076052462057823,0.07287065643947661,0.07498248503694244,0.07709256352624798,0.07919735094010474,0.08129322129974122,0.08337647328677318,0.08544334048635104,0.08749000216591304,0.08951259454985104,0.09150722254652761,0.09346997188040912,0.09539692157862947,0.09728415675810238,0.09912778165638833,0.10092393284692379,0.10266879257695621,0.10435860216462957,0.10598967539014531,0.10755841181480845,0.10906130996106395,0.11049498028635962,0.11185615788383192,0.11314171484342173,0.11434867220807607,0.115474211461187,0.11651568548335113,0.11747062891889233,0.11833676789536646,0.11911202904244235,0.1197945477601078,0.12038267569006174,0.12087498734839625,0.12127028588221789,0.12156760791767106,0.12176622747187894,0.12186565890656997,0.12186565890656997,0.12176622747187894,0.12156760791767106,0.12127028588221789,0.12087498734839625,0.1203826756900617,0.1197945477601078,0.11911202904244235,0.11833676789536646,0.11747062891889228,0.11651568548335113,0.11547421146118696,0.11434867220807607,0.11314171484342173,0.11185615788383192,0.11049498028635962,0.10906130996106395,0.10755841181480845,0.10598967539014531,0.10435860216462953,0.10266879257695621,0.10092393284692375,0.09912778165638829,0.09728415675810233,0.09539692157862947,0.09346997188040908,0.09150722254652761,0.08951259454985104,0.08749000216591302,0.085443340486351,0.08337647328677314,0.08129322129974122,0.07919735094010474,0.07709256352624795,0.07498248503694244,0.07287065643947659,0.0707605246205782,0.06865543394740527,0.06655861848157525,0.06447319486487431,0.062402155890963276,0.06034836477310919,0.05831455011375099,0.0563033015775805,0.054317066265815735,0.052358145785486185,0.050428694003859784,0.04853071547464499,0.04666606451931123,0.04483644494380734],[0.04662798920106186,0.04853071547464501,0.05046987288817367,0.0524436895561764,0.05445023706346427,0.05648743075973124,0.05855303071494191,0.06064464335601422,0.0627597238021193,0.06489557891250008,0.067049371057072,0.06921812261623414,0.0713987212123065,0.07358792567084421,0.07578237270578915,0.07797858431802879,0.08017297589247317,0.08236186497426469,0.08454148070023114,0.08670797385721893,0.0888574275345283,0.09098586833335714,0.09308927809197222,0.09516360608130618,0.09720478162185842,0.09920872706918853,0.10117137111196692,0.10308866232352092,0.10495658290510862,0.1067711625568024,0.10852849240988578,0.11022473895308982,0.11185615788383192,0.11341910781489192,0.11491006376667508,0.1163256303753839,0.11766255474805064,0.11891773889647668,0.12008825168367922,0.12117134021845302,0.12216444063611198,0.12306518820635919,0.12387142671253785,0.1245812170502132,0.1251928449971011,0.12570482811077457,0.12611592171530392,0.12642512394299443,0.12663167980263784,0.12673508425115806,0.12673508425115806,0.12663167980263784,0.12642512394299443,0.12611592171530392,0.12570482811077457,0.1251928449971011,0.1245812170502132,0.12387142671253785,0.12306518820635919,0.12216444063611198,0.12117134021845302,0.12008825168367916,0.11891773889647668,0.11766255474805064,0.1163256303753839,0.11491006376667508,0.11341910781489192,0.11185615788383192,0.11022473895308982,0.10852849240988578,0.10677116255680234,0.10495658290510862,0.10308866232352092,0.10117137111196692,0.09920872706918853,0.09720478162185842,0.09516360608130614,0.09308927809197222,0.09098586833335714,0.0888574275345283,0.08670797385721889,0.08454148070023114,0.08236186497426465,0.08017297589247314,0.07797858431802879,0.07578237270578915,0.07358792567084418,0.07139872121230645,0.06921812261623414,0.06704937105707195,0.06489557891250008,0.0627597238021193,0.060644643356014195,0.05855303071494191,0.056487430759731214,0.05445023706346424,0.0524436895561764,0.05046987288817365,0.04853071547464501,0.04662798920106186],[0.048451554370017795,0.050428694003859784,0.0524436895561764,0.05449469984516401,0.05657972103761054,0.05869658695501727,0.060842970066350685,0.06301638318873391,0.06521418191407737,0.06743356777609386,0.0696715921683631,0.07192516102012506,0.07419104023231246,0.07646586187200499,0.07874613111902921,0.08102823395386623,0.08330844557139573,0.08558293950033281,0.08784779740353411,0.09009901952970024,0.0923325357824152,0.09454421736797823,0.09672988897913239,0.09888534146761704,0.10100634495450052,0.10308866232352087,0.1051280630392074,0.10712033722841155,0.10906130996106395,0.11094685566353157,0.11277291259589413,0.1145354973228189,0.11623071910650515,0.11785479414941188,0.11940405961418729,0.12087498734839619,0.12226419724229805,0.12356847014906247,0.12478476029842737,0.12591020713688852,0.126942146530063,0.12787812126586612,0.12871589080057355,0.1294534401936837,0.1300889881817189,0.130620994345693,0.13104816533188182,0.13136946009073744,0.13158409410424385,0.13169154257769133,0.13169154257769133,0.13158409410424385,0.13136946009073744,0.13104816533188182,0.130620994345693,0.1300889881817189,0.1294534401936837,0.12871589080057355,0.12787812126586612,0.126942146530063,0.12591020713688852,0.12478476029842732,0.12356847014906247,0.12226419724229805,0.12087498734839619,0.11940405961418724,0.11785479414941188,0.11623071910650515,0.1145354973228189,0.11277291259589413,0.11094685566353153,0.10906130996106395,0.10712033722841155,0.1051280630392074,0.10308866232352087,0.10100634495450052,0.098885341467617,0.09672988897913239,0.09454421736797823,0.0923325357824152,0.0900990195297002,0.08784779740353411,0.08558293950033279,0.08330844557139569,0.08102823395386623,0.07874613111902921,0.07646586187200496,0.07419104023231239,0.07192516102012506,0.06967159216836308,0.06743356777609386,0.06521418191407737,0.06301638318873388,0.060842970066350685,0.05869658695501724,0.05657972103761051,0.05449469984516401,0.05244368955617638,0.050428694003859784,0.048451554370017795],[0.05030535883091943,0.052358145785486206,0.05445023706346427,0.05657972103761054,0.05874451720606948,0.06094237651020739,0.06317088236534811,0.06542745242653432,0.06770934110800365,0.07001364287137696,0.07233729629363168,0.07467708892179596,0.07702966291696887,0.07939152148578059,0.0817590360927763,0.08412845444247063,0.08649590921501006,0.08885742753452826,0.09120894114442166,0.0935462972589444,0.09586527005576026,0.09816157276943198,0.10043087034131135,0.10266879257695621,0.10487094775807734,0.1070329366521477,0.10915036685921924,0.1112188674322269,0.11323410370414165,0.11519179225279688,0.11708771593207995,0.11891773889647668,0.12067782154470436,0.12236403530738027,0.12397257720336748,0.12549978408962417,0.12694214653006305,0.12829632221010753,0.12955914882530842,0.13072765637455125,0.13179907879103264,0.13277086484729966,0.13364068827420614,0.13440645703763082,0.13506632172119118,0.13561868296794483,0.13606219793917324,0.13639578575374137,0.1366186318771971,0.13673019143566514,0.13673019143566514,0.1366186318771971,0.13639578575374137,0.13606219793917324,0.13561868296794483,0.13506632172119118,0.13440645703763082,0.13364068827420614,0.13277086484729966,0.13179907879103264,0.1307276563745512,0.12955914882530842,0.12829632221010753,0.126942146530063,0.12549978408962417,0.12397257720336748,0.12236403530738023,0.12067782154470436,0.11891773889647662,0.11708771593207995,0.11519179225279688,0.11323410370414165,0.1112188674322269,0.10915036685921924,0.10703293665214765,0.10487094775807734,0.10266879257695621,0.10043087034131135,0.09816157276943194,0.09586527005576022,0.09354629725894435,0.09120894114442166,0.08885742753452822,0.08649590921501002,0.08412845444247063,0.0817590360927763,0.07939152148578056,0.0770296629169688,0.07467708892179596,0.07233729629363168,0.07001364287137696,0.06770934110800365,0.06542745242653429,0.06317088236534811,0.06094237651020737,0.05874451720606945,0.05657972103761054,0.05445023706346422,0.052358145785486206,0.05030535883091943],[0.05218747662187322,0.05431706626581576,0.05648743075973124,0.05869658695501727,0.06094237651020739,0.06322246622069697,0.06553434908804232,0.06787534615178638,0.07024260910319793,0.0726331236964836,0.07504371396896012,0.07747104727738098,0.07991164015312148,0.08236186497426465,0.08481795744782816,0.08727602489045833,0.08973205529092741,0.09218192713273668,0.0946214199500884,0.09704622558548073,0.09945196011224063,0.10183417638047705,0.10418837714025252,0.10651002869126983,0.10879457500409442,0.11103745225391734,0.11323410370414165,0.11537999487368877,0.11747062891889233,0.1195015621582167,0.12146841966582336,0.12336691085824172,0.1251928449971011,0.12694214653006305,0.12861087019177642,0.13019521578686835,0.13169154257769133,0.13309638320077016,0.13440645703763082,0.13561868296794483,0.13673019143566514,0.13773833576206496,0.13864070264328351,0.13943512177412223,0.14011967454438773,0.14069270175901652,0.1411528103385066,0.14149887896178448,0.14173006261951787,0.141845796051995,0.141845796051995,0.14173006261951787,0.14149887896178448,0.1411528103385066,0.14069270175901652,0.1401196745443877,0.13943512177412223,0.13864070264328351,0.13773833576206496,0.13673019143566512,0.13561868296794483,0.13440645703763082,0.1330963832007701,0.13169154257769133,0.13019521578686835,0.12861087019177642,0.126942146530063,0.1251928449971011,0.12336691085824167,0.12146841966582336,0.1195015621582167,0.11747062891889233,0.11537999487368872,0.11323410370414165,0.11103745225391728,0.10879457500409442,0.10651002869126983,0.10418837714025252,0.10183417638047701,0.09945196011224057,0.09704622558548065,0.0946214199500884,0.09218192713273664,0.08973205529092738,0.08727602489045833,0.08481795744782814,0.08236186497426465,0.07991164015312144,0.07747104727738098,0.07504371396896012,0.07263312369648357,0.0702426091031979,0.06787534615178638,0.06553434908804232,0.06322246622069694,0.06094237651020737,0.05869658695501727,0.05648743075973119,0.05431706626581576,0.05218747662187322],[0.05409583832150899,0.0563033015775805,0.05855303071494191,0.060842970066350685,0.06317088236534811,0.06553434908804232,0.06793077156150916,0.0703573728626027,0.0728112005272724,0.07528913008651439,0.07778786944086431,0.08030396408088976,0.08283380315648421,0.08537362639293392,0.08791953184675075,0.09046748448916984,0.09301332560003897,0.09555278294960902,0.09808148174051069,0.10059495627701072,0.10308866232352092,0.10555799010932487,0.10799827793162994,0.1104048263043879,0.11277291259589413,0.11509780609401274,0.11737478343401768,0.11959914432052816,0.12176622747187894,0.1238714267125378,0.12591020713688852,0.12787812126586612,0.12977082511658383,0.13158409410424393,0.13331383869529562,0.13495611973100227,0.1365071633413113,0.13796337537018924,0.13932135523538836,0.14057790914793988,0.14173006261951787,0.14277507218916646,0.14371043630471417,0.14453390529848711,0.14524349040165538,0.14583747174666242,0.14631440531267437,0.14667312877479213,0.14691276622386698,0.14703273173009446,0.14703273173009446,0.14691276622386698,0.14667312877479213,0.14631440531267437,0.14583747174666242,0.14524349040165538,0.14453390529848711,0.14371043630471417,0.14277507218916646,0.14173006261951787,0.14057790914793986,0.13932135523538836,0.1379633753701892,0.13650716334131127,0.13495611973100227,0.13331383869529562,0.13158409410424385,0.12977082511658383,0.12787812126586606,0.12591020713688852,0.1238714267125378,0.12176622747187894,0.11959914432052816,0.11737478343401768,0.1150978060940127,0.11277291259589413,0.1104048263043879,0.10799827793162994,0.10555799010932483,0.10308866232352087,0.10059495627701068,0.09808148174051069,0.09555278294960898,0.09301332560003893,0.09046748448916984,0.08791953184675075,0.08537362639293387,0.08283380315648414,0.08030396408088976,0.07778786944086431,0.07528913008651439,0.0728112005272724,0.07035737286260267,0.06793077156150916,0.06553434908804229,0.06317088236534808,0.060842970066350685,0.058553030714941855,0.0563033015775805,0.05409583832150899],[0.05602823256107478,0.058314550113751015,0.06064464335601422,0.06301638318873391,0.06542745242653432,0.06787534615178638,0.0703573728626027,0.07287065643947661,0.07541213895138088,0.07797858431802875,0.08056658284063163,0.08317255660887557,0.0857927657870212,0.08842331577702377,0.09106016525141748,0.09369913504343011,0.09633591787643792,0.09896608890946669,0.10158511707003443,0.10418837714025256,0.1067711625568024,0.10932869888021193,0.11185615788383192,0.11434867220807611,0.11680135052090021,0.119209293121182,0.12156760791767106,0.12387142671253785,0.12611592171530392,0.12829632221010753,0.13040793129688397,0.13244614262514323,0.13440645703763082,0.1362844990402817,0.13807603301453525,0.1397769790882858,0.14138342858250144,0.1428916589518562,0.1442981481395907,0.1455995882692277,0.1467928985987203,0.14787523766607777,0.14884401455948165,0.1496968992493488,0.1504318319246851,0.15104703128137506,0.1515410017157342,0.15191253938266522,0.15216073708407268,0.152284987959755,0.152284987959755,0.15216073708407268,0.15191253938266522,0.1515410017157342,0.15104703128137506,0.1504318319246851,0.1496968992493488,0.14884401455948165,0.14787523766607777,0.1467928985987203,0.14559958826922767,0.14429814813959066,0.1428916589518562,0.14138342858250144,0.13977697908828574,0.1380760330145352,0.1362844990402817,0.13440645703763082,0.13244614262514315,0.13040793129688397,0.12829632221010753,0.12611592171530392,0.12387142671253785,0.12156760791767106,0.119209293121182,0.11680135052090015,0.11434867220807607,0.11185615788383192,0.10932869888021188,0.10677116255680234,0.10418837714025252,0.10158511707003437,0.09896608890946669,0.09633591787643792,0.09369913504343011,0.09106016525141748,0.08842331577702373,0.08579276578702116,0.08317255660887557,0.0805665828406316,0.07797858431802875,0.07541213895138084,0.07287065643947659,0.0703573728626027,0.06787534615178638,0.06542745242653429,0.06301638318873391,0.060644643356014195,0.058314550113751015,0.05602823256107478],[0.05798230818196813,0.06034836477310922,0.0627597238021193,0.06521418191407737,0.06770934110800365,0.07024260910319793,0.0728112005272724,0.07541213895138088,0.07804225979418417,0.08069821411183914,0.08337647328677318,0.08607333462323845,0.08878492785264917,0.09150722254652761,0.09423603642954806,0.0969670445797085,0.09969578949711642,0.10241769201728107,0.10512806303920744,0.10782211603302018,0.11049498028635962,0.11314171484342173,0.11575732308531013,0.11833676789536651,0.12087498734839625,0.12336691085824172,0.12580747571402343,0.12819164393160482,0.13051441934347258,0.13277086484729966,0.13495611973100236,0.13706541699013472,0.1390941005520249,0.1410376423201448,0.1428916589518562,0.1446519282828869,0.1463144053126744,0.14787523766607777,0.14933078044888695,0.1506776104170594,0.15191253938266522,0.15303262678311094,0.15403519134432,0.15491782177314278,0.15567838641933066,0.15631504185289372,0.1568262403085397,0.1572107359551178,0.15746758995452564,0.15759617428132625,0.15759617428132625,0.15746758995452564,0.1572107359551178,0.1568262403085397,0.15631504185289372,0.1556783864193306,0.15491782177314278,0.15403519134432,0.15303262678311094,0.1519125393826652,0.1506776104170594,0.14933078044888695,0.14787523766607774,0.14631440531267437,0.1446519282828869,0.1428916589518562,0.14103764232014476,0.13909410055202487,0.1370654169901347,0.13495611973100227,0.13277086484729966,0.13051441934347252,0.12819164393160482,0.12580747571402337,0.12336691085824172,0.12087498734839619,0.11833676789536646,0.11575732308531013,0.11314171484342173,0.11049498028635962,0.10782211603302018,0.1051280630392074,0.10241769201728107,0.09969578949711637,0.0969670445797085,0.09423603642954802,0.09150722254652761,0.08878492785264913,0.08607333462323845,0.08337647328677314,0.08069821411183911,0.07804225979418414,0.07541213895138081,0.0728112005272724,0.0702426091031979,0.06770934110800365,0.06521418191407737,0.06275972380211928,0.06034836477310922,0.05798230818196813],[0.05995557705154764,0.062402155890963304,0.06489557891250008,0.06743356777609386,0.07001364287137696,0.0726331236964836,0.07528913008651439,0.07797858431802875,0.08069821411183914,0.08344455655198148,0.08621396293405979,0.08900260455122928,0.09180647942092528,0.0946214199500884,0.09744310153112008,0.10026705205515724,0.10308866232352092,0.10590319733241324,0.10870580840014445,0.11149154610041985,0.11425537395954011,0.11699218286981872,0.11969680616613601,0.12236403530738027,0.12498863609961279,0.12756536539317972,0.1300889881817189,0.13255429502711816,0.13495611973100227,0.13728935717030452,0.13954898121193332,0.14173006261951787,0.14382778686372,0.14583747174666248,0.14775458475065975,0.1495747600216557,0.15129381489858537,0.15290776590128324,0.15441284409155925,0.15580550972464643,0.1570824661113808,0.1582406726151843,0.15927735671216908,0.1601900250474352,0.16097647342586285,0.16163479568137717,0.16216339137473806,0.16256097227634778,0.1628265675973234,0.16295952793910415,0.16295952793910415,0.1628265675973234,0.16256097227634778,0.16216339137473806,0.16163479568137717,0.16097647342586283,0.1601900250474352,0.15927735671216908,0.1582406726151843,0.15708246611138074,0.15580550972464643,0.1544128440915592,0.15290776590128324,0.15129381489858537,0.14957476002165568,0.14775458475065975,0.14583747174666242,0.14382778686372,0.14173006261951787,0.13954898121193327,0.1372893571703045,0.13495611973100227,0.13255429502711816,0.1300889881817189,0.12756536539317967,0.12498863609961273,0.12236403530738023,0.11969680616613601,0.11699218286981872,0.11425537395954011,0.11149154610041985,0.10870580840014445,0.1059031973324132,0.10308866232352087,0.10026705205515724,0.09744310153112008,0.0946214199500884,0.09180647942092524,0.08900260455122928,0.08621396293405975,0.08344455655198148,0.08069821411183911,0.07797858431802872,0.07528913008651439,0.07263312369648357,0.07001364287137693,0.06743356777609386,0.06489557891250006,0.062402155890963304,0.05995557705154764],[0.06194541754670692,0.06447319486487434,0.067049371057072,0.0696715921683631,0.07233729629363168,0.07504371396896012,0.07778786944086431,0.08056658284063163,0.08337647328677318,0.08621396293405979,0.08907528198277585,0.09195647465673122,0.09485340615324081,0.0977617705627475,0.10067709975006539,0.10359477318338621,0.10651002869126983,0.10941797412186358,0.1123135998726152,0.11519179225279688,0.11804734763529663,0.12087498734839625,0.12366937325269473,0.12642512394299443,0.1291368315098898,0.13179907879103264,0.13440645703763082,0.13695358391771598,0.13943512177412223,0.141845796051995,0.14418041380802005,0.14643388221146855,0.1486012269456078,0.1506776104170594,0.15265834968030978,0.15453893398480398,0.15631504185289372,0.15798255759836125,0.1595375871973079,0.16097647342586285,0.16229581018242822,0.16349245591601416,0.16456354608660073,0.16550650458837796,0.166319054072119,0.16699922510880272,0.16754536414288257,0.16795614019024907,0.16823055024291417,0.168367923349701,0.168367923349701,0.16823055024291417,0.16795614019024907,0.16754536414288257,0.16699922510880272,0.166319054072119,0.16550650458837796,0.16456354608660073,0.16349245591601416,0.16229581018242822,0.16097647342586283,0.1595375871973079,0.1579825575983612,0.1563150418528937,0.15453893398480398,0.15265834968030975,0.15067761041705938,0.1486012269456078,0.14643388221146852,0.14418041380802002,0.14184579605199496,0.1394351217741222,0.13695358391771595,0.13440645703763077,0.13179907879103264,0.12913683150988975,0.12642512394299438,0.12366937325269473,0.12087498734839619,0.11804734763529663,0.11519179225279688,0.1123135998726152,0.10941797412186358,0.10651002869126983,0.10359477318338621,0.10067709975006535,0.0977617705627475,0.09485340615324077,0.09195647465673122,0.08907528198277581,0.08621396293405975,0.08337647328677314,0.0805665828406316,0.07778786944086431,0.07504371396896012,0.07233729629363168,0.0696715921683631,0.06704937105707195,0.06447319486487434,0.06194541754670692],[0.06394907871114973,0.06655861848157525,0.06921812261623414,0.07192516102012506,0.07467708892179596,0.07747104727738098,0.08030396408088976,0.08317255660887557,0.08607333462323845,0.08900260455122928,0.09195647465673122,0.09493086121163395,0.0979214956706142,0.10092393284692375,0.10393356008090167,0.10694560738690587,0.10995515855824466,0.11295716320352055,0.11594644968162406,0.11891773889647668,0.12186565890657003,0.12478476029842737,0.12766953226737193,0.13051441934347252,0.13331383869529562,0.13606219793917324,0.13875391337713483,0.1413834285825014,0.1439452332484296,0.14643388221146852,0.14884401455948165,0.15117037273111814,0.15340782151242893,0.15555136683521686,0.15759617428132622,0.1595375871973079,0.16137114432476324,0.16309259685316987,0.16469792480412332,0.16618335265868361,0.16754536414288257,0.16878071609040557,0.16988645130599161,0.170859910358165,0.1716987422354912,0.17240091380660275,0.17296471803072103,0.17338878087226836,0.1736720668803703,0.17381388340153717,0.17381388340153717,0.1736720668803703,0.17338878087226836,0.17296471803072103,0.17240091380660275,0.17169874223549114,0.170859910358165,0.16988645130599161,0.16878071609040557,0.16754536414288254,0.16618335265868361,0.16469792480412332,0.16309259685316985,0.1613711443247632,0.1595375871973079,0.15759617428132622,0.1555513668352168,0.15340782151242888,0.1511703727311181,0.1488440145594816,0.14643388221146852,0.14394523324842956,0.14138342858250139,0.13875391337713477,0.1360621979391732,0.13331383869529562,0.13051441934347252,0.12766953226737193,0.12478476029842732,0.12186565890656997,0.11891773889647658,0.11594644968162406,0.11295716320352049,0.10995515855824461,0.10694560738690587,0.10393356008090163,0.10092393284692375,0.09792149567061416,0.09493086121163395,0.09195647465673122,0.08900260455122924,0.0860733346232384,0.08317255660887557,0.08030396408088976,0.07747104727738095,0.07467708892179593,0.07192516102012506,0.06921812261623408,0.06655861848157525,0.06394907871114973],[0.06596368508859789,0.0686554339474053,0.0713987212123065,0.07419104023231246,0.07702966291696887,0.07991164015312148,0.08283380315648421,0.0857927657870212,0.08878492785264917,0.09180647942092528,0.09485340615324081,0.0979214956706142,0.1010063449545006,0.1041033687801441,0.1072078091739284,0.1103147458799701,0.11341910781489192,0.11651568548335113,0.11959914432052816,0.12266403892144934,0.12570482811077457,0.1287158908005736,0.13169154257769133,0.13462605295661573,0.13751366322835515,0.1403486048307565,0.14312511816099246,0.1458374717466625,0.1484799816881282,0.15104703128137506,0.1535330907278962,0.15593273683586056,0.1582406726151843,0.16045174666809112,0.16256097227634783,0.16456354608660073,0.16645486629613385,0.16823055024291425,0.16988645130599164,0.17141867502515787,0.17282359435224565,0.17409786395053126,0.17523843346337362,0.17624255967845562,0.17710781751974766,0.17783210980555494,0.17841367571769803,0.17885109793395787,0.17914330838335066,0.17928959259152302,0.17928959259152302,0.17914330838335066,0.17885109793395787,0.17841367571769803,0.17783210980555494,0.17710781751974766,0.17624255967845562,0.17523843346337362,0.17409786395053126,0.17282359435224565,0.1714186750251578,0.16988645130599164,0.1682305502429142,0.1664548662961338,0.16456354608660073,0.16256097227634778,0.1604517466680911,0.1582406726151843,0.15593273683586054,0.15353309072789617,0.15104703128137503,0.14847998168812818,0.14583747174666248,0.1431251181609924,0.1403486048307565,0.13751366322835512,0.13462605295661573,0.13169154257769133,0.12871589080057355,0.12570482811077452,0.12266403892144928,0.11959914432052816,0.11651568548335108,0.11341910781489187,0.1103147458799701,0.1072078091739284,0.10410336878014405,0.10100634495450052,0.0979214956706142,0.09485340615324081,0.09180647942092528,0.08878492785264917,0.08579276578702116,0.08283380315648421,0.07991164015312144,0.07702966291696883,0.07419104023231246,0.07139872121230645,0.0686554339474053,0.06596368508859789],[0.06798624223031664,0.07076052462057823,0.07358792567084421,0.07646586187200499,0.07939152148578059,0.08236186497426465,0.08537362639293392,0.08842331577702377,0.09150722254652761,0.0946214199500884,0.0977617705627475,0.10092393284692375,0.1041033687801441,0.10729535254697667,0.11049498028635962,0.11369718087911766,0.1168967277539579,0.12008825168367916,0.12326625453676361,0.12642512394299443,0.12955914882530847,0.13266253574379844,0.13572942599167467,0.13875391337713486,0.1417300626195179,0.1446519282828869,0.14751357416533858,0.1503090930579225,0.15303262678311094,0.1556783864193306,0.1582406726151843,0.16071389589468996,0.1630925968531699,0.16537146614235818,0.16754536414288262,0.1696093402225252,0.17155865147958588,0.17338878087226842,0.17509545463727433,0.17667465890371814,0.17812265541205685,0.17943599625193588,0.18061153753766704,0.18164645194544585,0.1825382400423472,0.1832847403435706,0.18388413804130005,0.18433497235584173,0.18463614246736543,0.18478691199453665,0.18478691199453665,0.18463614246736543,0.18433497235584173,0.18388413804130005,0.1832847403435706,0.1825382400423472,0.18164645194544585,0.18061153753766704,0.17943599625193588,0.17812265541205685,0.1766746589037181,0.17509545463727433,0.1733887808722684,0.17155865147958585,0.1696093402225252,0.16754536414288257,0.16537146614235815,0.1630925968531699,0.16071389589468993,0.15824067261518426,0.15567838641933057,0.15303262678311091,0.15030909305792245,0.14751357416533853,0.1446519282828869,0.14173006261951787,0.13875391337713483,0.13572942599167467,0.13266253574379838,0.12955914882530842,0.12642512394299438,0